251244 85 86
251244 88 93
251244 96 121
251244 123 156
251244 158 428
251244 430 442
251252 1 283
251252 285 505
251252 507 554
251251 1 31
251251 33 97
251251 99 167
251864 1 2
251864 199 199
251252 1 554
251637 1 6
251636 1 3
251636 45 45
251883 56 60
251883 62 144
251883 156 437
251721 21 26
251721 27 28
251561 1 125
251560 1 5
251560 7 10
251560 84 84
251562 1 439
251562 443 691
251521 39 55
251559 46 47
251559 48 48
251559 49 52
251559 55 64
251559 67 72
251523 1 8
251523 19 19
251522 1 10
251522 57 57
251640 1 7
251640 123 123
251718 1 14
251718 27 45
251718 80 80
251718 88 107
251718 130 138
251718 150 210
251718 223 272
251718 284 288
251643 1 606
251638 1 99

