****************************
* Welcome to ROOT v6.02/05 *
****************************
loading libFWCoreFWLite.so

Processing doRunLumis.C...
Warning in <TClassTable::Add>: class TBits already in TClassTable
251168 165
251168 145
251168 182
251168 247
251168 254
251168 51
251168 175
251168 35
251168 194
251168 198
251168 203
251168 146
251168 202
251168 200
251168 178
251168 256
251168 224
251168 164
251168 137
251168 167
251168 155
251168 179
251168 120
251168 84
251168 136
251168 221
251168 242
251168 335
251168 306
251168 334
251168 168
251168 205
251168 160
251168 259
251168 303
251168 341
251168 293
251168 309
251168 29
251168 301
251168 295
251168 339
251168 244
251168 138
251168 333
251168 152
251168 262
251168 314
251168 127
251168 300
251168 173
251168 319
251168 337
251168 275
251168 279
251168 267
251168 285
251168 232
251168 302
251168 342
251168 343
251168 344
251168 345
251168 346
251168 347
251168 286
251168 284
251168 283
251168 238
251168 304
251168 273
251168 236
251168 268
251168 281
251168 58
251168 272
251168 332
251168 213
251168 322
251168 287
251168 278
251168 219
251168 207
251168 246
251168 315
251168 330
251168 310
251168 328
251168 276
251168 215
251168 36
251168 251
251168 255
251168 305
251168 338
251168 269
251168 325
251168 282
251168 231
251168 298
251168 99
251168 318
251168 297
251168 336
251168 277
251168 250
251168 288
251168 289
251168 184
251168 216
251168 234
251168 321
251168 217
251168 317
251168 245
251168 274
251168 237
251168 239
251168 296
251168 327
251168 228
251168 225
251168 223
251168 266
251168 230
251168 218
251168 240
251168 171
251168 340
251168 18
251168 313
251168 331
251168 243
251168 195
251168 212
251168 312
251168 264
251168 329
251168 66
251168 270
251168 265
251168 181
251168 126
251027 1
251027 2
251027 3
251027 4
251027 5
251027 6
251027 39
251027 40
251027 41
251027 42
251027 53
251027 54
251027 55
251027 56
251027 57
251027 24
251027 25
251027 26
251027 27
251027 28
251027 29
251027 118
251027 119
251027 120
251027 121
251027 122
251027 43
251027 123
251027 124
251027 125
251027 44
251027 45
251027 46
251027 47
251027 48
251027 49
251027 50
251027 51
251027 52
251027 90
251027 91
251027 92
251027 93
251027 94
251027 95
251027 96
251027 97
251027 98
251027 99
251027 81
251027 82
251027 83
251027 84
251027 85
251027 86
251027 87
251027 88
251027 89
251027 73
251027 74
251027 75
251027 76
251027 77
251027 78
251027 79
251027 80
251027 58
251027 59
251027 60
251027 61
251027 7
251027 8
251027 9
251027 10
251027 11
251027 12
251027 13
251027 14
251027 15
251027 16
251027 17
251027 18
251027 19
251027 20
251027 21
251027 22
251027 23
251027 107
251027 62
251028 53
251028 54
251028 55
251028 26
251028 27
251028 30
251028 31
251028 32
251028 33
251028 34
251028 35
251028 7
251028 2
251028 3
251028 38
251028 39
251028 40
251028 41
251028 42
251028 43
251028 44
251028 45
251028 46
251028 47
251028 48
251028 49
251028 50
251028 51
251028 52
251028 23
251028 24
251028 14
251028 37
251028 15
251028 36
251028 22
251028 4
251028 25
251028 74
251028 75
251028 76
251028 77
251028 78
251028 79
251027 100
251027 101
251027 102
251027 103
251027 104
251027 105
251027 106
251027 30
251027 31
251027 32
251027 33
251027 34
251027 35
251027 36
251027 37
251027 38
251027 63
251027 64
251027 65
251027 66
251027 67
251027 68
251027 69
251027 70
251027 71
251027 72
251027 108
251027 109
251027 110
251027 111
251027 112
251027 113
251027 114
251027 115
251027 116
251027 117
251028 5
251028 6
251028 8
251028 9
251028 10
251028 11
251028 28
251028 29
251028 12
251028 13
251028 59
251028 60
251028 61
251028 62
251028 63
251028 64
251028 65
251028 66
251028 67
251028 68
251028 69
251028 70
251028 71
251028 72
251028 73
251028 80
251028 81
251028 82
251028 83
251028 84
251028 85
251028 86
251028 87
251028 88
251028 89
251143 13
251143 19
251143 6
251143 7
251143 8
251143 14
251143 2
251143 23
251143 17
251143 18
251143 29
251143 30
251143 31
251143 9
251143 10
251143 5
251143 4
251143 12
251147 9
251147 10
251147 14
251147 2
251147 7
251147 23
251147 21
251147 25
251147 1
251149 2
251149 3
251155 3
251143 24
251143 25
251143 26
251143 27
251143 28
251143 11
251143 15
251143 16
251143 3
251147 24
251147 16
251147 4
251147 6
251149 5
251149 1
251149 7
251149 8
251149 9
251149 10
251149 11
251149 17
251149 18
251149 19
251149 23
251149 24
251149 13
251149 14
251150 8
251150 24
251150 5
251150 6
251143 1
251143 20
251143 21
251143 22
251147 15
251147 22
251147 18
251147 19
251147 20
251147 5
251147 17
251147 8
251147 3
251149 15
251149 16
251149 4
251149 20
251149 21
251149 22
251150 23
251150 7
251150 15
251150 16
251150 17
251150 1
251150 2
251150 19
251150 10
251150 11
251150 12
251150 13
251150 14
251150 9
251150 3
251150 4
251150 21
251150 22
251153 3
251153 4
251153 5
251153 6
251153 2
251153 1
251153 11
251153 12
251153 13
251153 20
251153 14
251153 15
251153 16
251155 27
251155 4
251155 5
251155 6
251155 13
251155 14
251155 15
251155 19
251155 20
251155 21
251156 15
251162 1
251162 2
251162 3
251162 4
251162 5
251162 6
251161 1
251161 2
251161 3
251161 4
251161 5
251161 6
251161 7
251161 8
251153 8
251153 9
251153 10
251155 23
251155 24
251155 25
251149 12
251149 6
251150 20
251150 18
251153 23
251153 17
251153 18
251153 19
251153 7
251153 21
251153 22
251155 22
251155 16
251155 17
251155 18
251155 7
251155 8
251155 9
251155 26
251156 11
251156 17
251156 21
251156 22
251156 23
251156 3
251156 8
251156 9
251156 10
251156 1
251156 2
251161 9
251161 10
251161 11
251161 12
251161 13
251161 14
251161 15
251161 16
251161 17
251161 18
251161 19
251161 20
251161 21
251161 22
251161 23
251161 24
251161 25
251161 26
251161 27
251162 21
251162 22
251162 23
251162 24
251162 25
251162 26
251162 27
251162 7
251162 8
251162 9
251162 10
251162 11
251162 12
251162 13
251162 14
251162 15
251162 16
251162 17
251162 18
251163 1
251147 11
251147 12
251147 13
251153 24
251153 25
251153 26
251155 10
251155 11
251155 12
251156 18
251156 19
251156 12
251156 13
251156 14
251156 4
251156 5
251156 6
251156 7
251156 20
251162 43
251162 44
251162 45
251162 46
251162 47
251162 48
251162 28
251162 29
251162 30
251162 31
251162 32
251162 33
251162 34
251162 35
251162 36
251162 37
251162 38
251162 39
251162 40
251162 41
251162 42
251164 22
251164 23
251164 24
251164 25
251164 27
251164 26
251164 31
251164 32
251164 3
251164 4
251164 5
251164 28
251164 29
251164 30
251164 1
251164 2
251164 16
251164 6
251164 7
251164 8
251164 9
251164 10
251164 11
251164 12
251164 13
251164 14
251164 15
251164 17
251164 18
251164 19
251164 20
251164 21
251167 1
251167 2
251168 5
251168 96
251168 20
251168 43
251168 16
251168 42
251168 82
251168 39
251168 12
251168 19
251168 26
251168 25
251168 11
251168 45
251168 41
251168 31
251168 13
251168 14
251168 55
251168 50
251168 4
251168 49
251168 7
251168 2
251168 3
251156 16
251168 53
251168 34
251168 15
251168 8
251168 60
251168 21
251168 17
251168 38
251168 44
251168 22
251168 78
251168 95
251168 68
251168 79
251168 73
251168 47
251168 93
251168 46
251168 37
251168 90
251168 77
251168 9
251168 161
251168 52
251168 71
251168 102
251168 157
251168 166
251168 86
251168 65
251168 76
251168 40
251168 61
251168 123
251168 80
251168 59
251168 74
251168 154
251168 98
251168 117
251168 111
251168 159
251168 162
251168 92
251168 133
251168 129
251168 24
251168 70
251168 75
251168 91
251168 150
251168 81
251168 48
251168 140
251168 32
251168 110
251168 57
251168 89
251168 128
251168 116
251168 72
251168 115
251168 69
251168 83
251168 147
251168 109
251168 88
251168 6
251168 104
251168 132
251168 62
251168 30
251168 67
251168 54
251168 142
251168 23
251168 122
251168 113
251168 97
251168 119
251168 135
251168 131
251168 149
251168 121
251168 114
251168 100
251168 94
251168 108
251168 112
251168 151
251168 153
251168 103
251168 125
251168 27
251168 1
251168 186
251168 169
251168 130
251168 107
251168 118
251168 220
251168 197
251168 248
251168 156
251168 33
251168 170
251168 260
251168 188
251168 189
251168 229
251168 209
251168 174
251168 206
251168 187
251168 10
251168 172
251168 227
251168 263
251168 199
251168 101
251168 134
251168 28
251168 249
251168 210
251168 226
251168 204
251168 106
251168 253
251168 180
251168 183
251168 85
251168 201
251168 143
251168 148
251168 241
251168 56
251168 105
251168 176
251168 177
251168 63
251168 64
251168 158
251168 139
251168 191
251168 211
251168 208
251168 144
251168 87
251168 192
251168 196
251168 271
251168 222
